timestamp,instance,rule,seed,makespan,machine_id,machine_type,ops_completed,time_processing,time_operational,utilization_rate,idle_time,idle_rate,availability_rate,failure_count,total_repair_time
2026-09-19 21:13:36,mfsweep_shard0,SPT_SMPT,42,6341.54,0,Mill,113,1697.26,5839.40,0.2907,4142.14,0.7093,0.9208,9,514.5
2026-09-19 21:13:36,mfsweep_shard0,SPT_SMPT,42,6341.54,1,Lathe,0,0.00,5770.06,0.0000,5770.06,1.0000,0.9099,6,571.4
2026-09-19 21:13:36,mfsweep_shard0,SPT_SMPT,42,6341.54,2,Weld,86,4446.86,6004.08,0.7406,1557.22,0.2594,0.9468,6,337.4
2026-09-19 21:13:36,mfsweep_shard0,SPT_SMPT,42,6341.54,3,Inspect,0,0.00,6003.14,0.0000,6003.14,1.0000,0.9466,7,338.3
2026-09-19 21:13:36,mfsweep_shard0,SPT_SMPT,42,6341.54,4,Assemble,0,0.00,5828.70,0.0000,5828.70,1.0000,0.9191,6,512.8
2026-09-19 21:13:36,mfsweep_shard0,SPT_SMPT,42,6341.54,5,Mill,24,360.48,5834.06,0.0618,5473.58,0.9382,0.9200,8,507.4
2026-09-19 21:13:36,mfsweep_shard0,SPT_SMPT,42,6341.54,6,Lathe,0,0.00,5772.44,0.0000,5772.44,1.0000,0.9103,7,569.0
2026-09-19 21:13:36,mfsweep_shard0,SPT_SMPT,42,6341.54,7,Weld,51,3025.42,6046.48,0.5004,3021.06,0.4996,0.9535,4,295.0
2026-09-19 21:13:36,mfsweep_shard0,SPT_SMPT,42,6341.54,8,Inspect,0,0.00,5803.94,0.0000,5803.94,1.0000,0.9152,10,537.5
2026-09-19 21:13:36,mfsweep_shard0,SPT_SMPT,42,6341.54,9,Assemble,0,0.00,5993.84,0.0000,5993.84,1.0000,0.9452,6,347.7
2026-09-19 21:13:36,mfsweep_shard0,SPT_SMPT,42,6341.54,10,Mill,0,0.00,6048.28,0.0000,6048.28,1.0000,0.9538,7,293.2
2026-09-19 21:13:36,mfsweep_shard0,SPT_SMPT,42,6341.54,11,Lathe,0,0.00,5774.86,0.0000,5774.86,1.0000,0.9106,10,566.6
2026-09-19 21:13:36,mfsweep_shard0,SPT_SMPT,42,6341.54,12,Weld,0,0.00,5658.18,0.0000,5658.18,1.0000,0.8922,9,720.9
2026-09-19 21:13:36,mfsweep_shard0,SPT_SMPT,42,6341.54,13,Inspect,0,0.00,5951.08,0.0000,5951.08,1.0000,0.9384,7,406.3
2026-09-19 21:13:36,mfsweep_shard0,SPT_SMPT,42,6341.54,14,Assemble,0,0.00,5634.54,0.0000,5634.54,1.0000,0.8885,12,706.9
2026-09-19 21:20:59,mfsweep_shard0,SPT_SMPT,43,7137.66,0,Mill,121,1817.42,6698.50,0.2713,4881.08,0.7287,0.9385,7,439.1
2026-09-19 21:20:59,mfsweep_shard0,SPT_SMPT,43,7137.66,1,Lathe,0,0.00,6679.78,0.0000,6679.78,1.0000,0.9359,8,457.8
2026-09-19 21:20:59,mfsweep_shard0,SPT_SMPT,43,7137.66,2,Weld,73,3706.78,6357.40,0.5831,2650.62,0.4169,0.8907,10,780.2
2026-09-19 21:20:59,mfsweep_shard0,SPT_SMPT,43,7137.66,3,Inspect,0,0.00,6611.28,0.0000,6611.28,1.0000,0.9263,8,526.3
2026-09-19 21:20:59,mfsweep_shard0,SPT_SMPT,43,7137.66,4,Assemble,0,0.00,6562.82,0.0000,6562.82,1.0000,0.9195,7,574.7
2026-09-19 21:20:59,mfsweep_shard0,SPT_SMPT,43,7137.66,5,Mill,13,195.26,6691.60,0.0292,6496.34,0.9708,0.9375,8,446.0
2026-09-19 21:20:59,mfsweep_shard0,SPT_SMPT,43,7137.66,6,Lathe,0,0.00,6618.32,0.0000,6618.32,1.0000,0.9272,8,519.3
2026-09-19 21:20:59,mfsweep_shard0,SPT_SMPT,43,7137.66,7,Weld,59,3485.22,6388.60,0.5455,2903.38,0.4545,0.8951,8,749.0
2026-09-19 21:20:59,mfsweep_shard0,SPT_SMPT,43,7137.66,8,Inspect,0,0.00,6855.66,0.0000,6855.66,1.0000,0.9605,6,282.0
2026-09-19 21:20:59,mfsweep_shard0,SPT_SMPT,43,7137.66,9,Assemble,0,0.00,6686.76,0.0000,6686.76,1.0000,0.9368,7,450.8
2026-09-19 21:20:59,mfsweep_shard0,SPT_SMPT,43,7137.66,10,Mill,3,45.06,6689.78,0.0067,6644.72,0.9933,0.9373,8,467.5
2026-09-19 21:20:59,mfsweep_shard0,SPT_SMPT,43,7137.66,11,Lathe,0,0.00,6505.02,0.0000,6505.02,1.0000,0.9114,9,632.6
2026-09-19 21:20:59,mfsweep_shard0,SPT_SMPT,43,7137.66,12,Weld,5,280.28,6264.84,0.0447,5984.56,0.9553,0.8777,12,872.7
2026-09-19 21:20:59,mfsweep_shard0,SPT_SMPT,43,7137.66,13,Inspect,0,0.00,6764.10,0.0000,6764.10,1.0000,0.9477,7,373.5
2026-09-19 21:20:59,mfsweep_shard0,SPT_SMPT,43,7137.66,14,Assemble,0,0.00,6387.72,0.0000,6387.72,1.0000,0.8949,13,749.8
2026-09-19 21:27:17,mfsweep_shard0,SPT_SMPT,44,6283.88,0,Mill,112,1682.24,5769.78,0.2916,4087.54,0.7084,0.9182,9,514.0
2026-09-19 21:27:17,mfsweep_shard0,SPT_SMPT,44,6283.88,1,Lathe,0,0.00,5924.44,0.0000,5924.44,1.0000,0.9428,7,359.4
2026-09-19 21:27:17,mfsweep_shard0,SPT_SMPT,44,6283.88,2,Weld,73,3813.58,5806.98,0.6567,1993.40,0.3433,0.9241,10,516.3
2026-09-19 21:27:17,mfsweep_shard0,SPT_SMPT,44,6283.88,3,Inspect,0,0.00,5983.88,0.0000,5983.88,1.0000,0.9523,5,300.0
2026-09-19 21:27:17,mfsweep_shard0,SPT_SMPT,44,6283.88,4,Assemble,0,0.00,5742.94,0.0000,5742.94,1.0000,0.9139,9,540.9
2026-09-19 21:27:17,mfsweep_shard0,SPT_SMPT,44,6283.88,5,Mill,24,360.48,5877.80,0.0613,5517.32,0.9387,0.9354,7,406.0
2026-09-19 21:27:17,mfsweep_shard0,SPT_SMPT,44,6283.88,6,Lathe,0,0.00,6042.12,0.0000,6042.12,1.0000,0.9615,3,241.7
2026-09-19 21:27:17,mfsweep_shard0,SPT_SMPT,44,6283.88,7,Weld,60,3419.12,5842.90,0.5852,2423.78,0.4148,0.9298,7,440.9
2026-09-19 21:27:17,mfsweep_shard0,SPT_SMPT,44,6283.88,8,Inspect,0,0.00,5807.26,0.0000,5807.26,1.0000,0.9242,10,476.5
2026-09-19 21:27:17,mfsweep_shard0,SPT_SMPT,44,6283.88,9,Assemble,0,0.00,5596.70,0.0000,5596.70,1.0000,0.8906,9,687.1
2026-09-19 21:27:17,mfsweep_shard0,SPT_SMPT,44,6283.88,10,Mill,1,15.02,6100.90,0.0025,6085.88,0.9975,0.9709,4,182.9
2026-09-19 21:27:17,mfsweep_shard0,SPT_SMPT,44,6283.88,11,Lathe,0,0.00,5990.34,0.0000,5990.34,1.0000,0.9533,5,293.5
2026-09-19 21:27:17,mfsweep_shard0,SPT_SMPT,44,6283.88,12,Weld,4,239.58,5776.90,0.0415,5537.32,0.9585,0.9193,8,506.9
2026-09-19 21:27:17,mfsweep_shard0,SPT_SMPT,44,6283.88,13,Inspect,0,0.00,5676.52,0.0000,5676.52,1.0000,0.9033,8,607.2
2026-09-19 21:27:17,mfsweep_shard0,SPT_SMPT,44,6283.88,14,Assemble,0,0.00,5990.06,0.0000,5990.06,1.0000,0.9532,6,293.8
2026-09-19 21:33:55,mfsweep_shard0,SPT_SMPT,45,6724.58,0,Mill,119,1787.38,6219.76,0.2874,4432.38,0.7126,0.9249,8,504.7
2026-09-19 21:33:55,mfsweep_shard0,SPT_SMPT,45,6724.58,1,Lathe,0,0.00,6316.72,0.0000,6316.72,1.0000,0.9393,9,426.2
2026-09-19 21:33:55,mfsweep_shard0,SPT_SMPT,45,6724.58,2,Weld,74,3635.18,6404.16,0.5676,2768.98,0.4324,0.9524,6,320.3
2026-09-19 21:33:55,mfsweep_shard0,SPT_SMPT,45,6724.58,3,Inspect,0,0.00,6117.72,0.0000,6117.72,1.0000,0.9098,11,606.7
2026-09-19 21:33:55,mfsweep_shard0,SPT_SMPT,45,6724.58,4,Assemble,0,0.00,6302.86,0.0000,6302.86,1.0000,0.9373,8,421.6
2026-09-19 21:33:55,mfsweep_shard0,SPT_SMPT,45,6724.58,5,Mill,17,255.34,6188.60,0.0413,5933.26,0.9587,0.9203,11,535.9
2026-09-19 21:33:55,mfsweep_shard0,SPT_SMPT,45,6724.58,6,Lathe,0,0.00,6213.00,0.0000,6213.00,1.0000,0.9239,7,511.5
2026-09-19 21:33:55,mfsweep_shard0,SPT_SMPT,45,6724.58,7,Weld,60,3669.50,6228.10,0.5892,2558.60,0.4108,0.9262,7,496.4
2026-09-19 21:33:55,mfsweep_shard0,SPT_SMPT,45,6724.58,8,Inspect,0,0.00,6145.46,0.0000,6145.46,1.0000,0.9139,11,579.0
2026-09-19 21:33:55,mfsweep_shard0,SPT_SMPT,45,6724.58,9,Assemble,0,0.00,6223.50,0.0000,6223.50,1.0000,0.9255,7,501.0
2026-09-19 21:33:55,mfsweep_shard0,SPT_SMPT,45,6724.58,10,Mill,1,15.02,6118.90,0.0025,6103.88,0.9975,0.9099,10,605.6
2026-09-19 21:33:55,mfsweep_shard0,SPT_SMPT,45,6724.58,11,Lathe,0,0.00,6078.28,0.0000,6078.28,1.0000,0.9039,11,646.2
2026-09-19 21:33:55,mfsweep_shard0,SPT_SMPT,45,6724.58,12,Weld,3,167.60,5859.80,0.0286,5692.20,0.9714,0.8714,12,864.6
2026-09-19 21:33:55,mfsweep_shard0,SPT_SMPT,45,6724.58,13,Inspect,0,0.00,6362.78,0.0000,6362.78,1.0000,0.9462,6,422.8
2026-09-19 21:33:55,mfsweep_shard0,SPT_SMPT,45,6724.58,14,Assemble,0,0.00,6305.40,0.0000,6305.40,1.0000,0.9377,7,419.1
2026-09-19 21:39:39,mfsweep_shard0,SPT_SMPT,46,6959.00,0,Mill,106,1592.12,6337.18,0.2512,4745.06,0.7488,0.9106,11,621.7
2026-09-19 21:39:39,mfsweep_shard0,SPT_SMPT,46,6959.00,1,Lathe,0,0.00,6302.00,0.0000,6302.00,1.0000,0.9056,10,656.9
2026-09-19 21:39:39,mfsweep_shard0,SPT_SMPT,46,6959.00,2,Weld,66,3379.10,6396.70,0.5283,3017.60,0.4717,0.9192,9,562.2
2026-09-19 21:39:39,mfsweep_shard0,SPT_SMPT,46,6959.00,3,Inspect,0,0.00,6369.78,0.0000,6369.78,1.0000,0.9153,9,589.1
2026-09-19 21:39:39,mfsweep_shard0,SPT_SMPT,46,6959.00,4,Assemble,0,0.00,6434.78,0.0000,6434.78,1.0000,0.9247,9,524.1
2026-09-19 21:39:39,mfsweep_shard0,SPT_SMPT,46,6959.00,5,Mill,28,420.56,6627.54,0.0635,6206.98,0.9365,0.9524,6,331.4
2026-09-19 21:39:39,mfsweep_shard0,SPT_SMPT,46,6959.00,6,Lathe,0,0.00,6565.62,0.0000,6565.62,1.0000,0.9435,8,393.3
2026-09-19 21:39:39,mfsweep_shard0,SPT_SMPT,46,6959.00,7,Weld,59,3466.44,6423.32,0.5397,2956.88,0.4603,0.9230,8,535.6
2026-09-19 21:39:39,mfsweep_shard0,SPT_SMPT,46,6959.00,8,Inspect,0,0.00,6171.70,0.0000,6171.70,1.0000,0.8869,10,787.2
2026-09-19 21:39:39,mfsweep_shard0,SPT_SMPT,46,6959.00,9,Assemble,0,0.00,6593.18,0.0000,6593.18,1.0000,0.9474,6,365.8
2026-09-19 21:39:39,mfsweep_shard0,SPT_SMPT,46,6959.00,10,Mill,3,45.06,6587.08,0.0068,6542.02,0.9932,0.9466,6,371.8
2026-09-19 21:39:39,mfsweep_shard0,SPT_SMPT,46,6959.00,11,Lathe,0,0.00,6416.10,0.0000,6416.10,1.0000,0.9220,11,542.8
2026-09-19 21:39:39,mfsweep_shard0,SPT_SMPT,46,6959.00,12,Weld,12,626.74,6631.14,0.0945,6004.40,0.9055,0.9529,6,327.8
2026-09-19 21:39:39,mfsweep_shard0,SPT_SMPT,46,6959.00,13,Inspect,0,0.00,6345.20,0.0000,6345.20,1.0000,0.9118,10,613.7
2026-09-19 21:39:39,mfsweep_shard0,SPT_SMPT,46,6959.00,14,Assemble,0,0.00,6448.22,0.0000,6448.22,1.0000,0.9266,8,510.7
2026-09-19 21:45:53,mfsweep_shard0,SPT_SMPT,47,7706.62,0,Mill,108,1622.16,7111.94,0.2281,5489.78,0.7719,0.9228,10,594.5
2026-09-19 21:45:53,mfsweep_shard0,SPT_SMPT,47,7706.62,1,Lathe,0,0.00,7170.62,0.0000,7170.62,1.0000,0.9304,8,535.9
2026-09-19 21:45:53,mfsweep_shard0,SPT_SMPT,47,7706.62,2,Weld,98,5205.98,7294.64,0.7137,2088.66,0.2863,0.9465,7,411.9
2026-09-19 21:45:53,mfsweep_shard0,SPT_SMPT,47,7706.62,3,Inspect,0,0.00,6854.16,0.0000,6854.16,1.0000,0.8894,11,852.3
2026-09-19 21:45:53,mfsweep_shard0,SPT_SMPT,47,7706.62,4,Assemble,0,0.00,7020.86,0.0000,7020.86,1.0000,0.9110,10,685.6
2026-09-19 21:45:53,mfsweep_shard0,SPT_SMPT,47,7706.62,5,Mill,19,285.38,7164.20,0.0398,6878.82,0.9602,0.9296,7,542.4
2026-09-19 21:45:53,mfsweep_shard0,SPT_SMPT,47,7706.62,6,Lathe,0,0.00,7220.92,0.0000,7220.92,1.0000,0.9370,9,485.6
2026-09-19 21:45:53,mfsweep_shard0,SPT_SMPT,47,7706.62,7,Weld,36,2124.52,7213.98,0.2945,5089.46,0.7055,0.9361,9,492.6
2026-09-19 21:45:53,mfsweep_shard0,SPT_SMPT,47,7706.62,8,Inspect,0,0.00,7102.10,0.0000,7102.10,1.0000,0.9216,9,604.4
2026-09-19 21:45:53,mfsweep_shard0,SPT_SMPT,47,7706.62,9,Assemble,0,0.00,7172.36,0.0000,7172.36,1.0000,0.9307,9,534.2
2026-09-19 21:45:53,mfsweep_shard0,SPT_SMPT,47,7706.62,10,Mill,10,150.20,7021.14,0.0214,6870.94,0.9786,0.9111,10,685.4
2026-09-19 21:45:53,mfsweep_shard0,SPT_SMPT,47,7706.62,11,Lathe,0,0.00,7020.42,0.0000,7020.42,1.0000,0.9110,14,686.1
2026-09-19 21:45:53,mfsweep_shard0,SPT_SMPT,47,7706.62,12,Weld,3,141.78,7318.02,0.0194,7176.24,0.9806,0.9496,8,388.5
2026-09-19 21:45:53,mfsweep_shard0,SPT_SMPT,47,7706.62,13,Inspect,0,0.00,7156.90,0.0000,7156.90,1.0000,0.9287,9,549.6
2026-09-19 21:45:53,mfsweep_shard0,SPT_SMPT,47,7706.62,14,Assemble,0,0.00,7212.38,0.0000,7212.38,1.0000,0.9359,9,494.2
2026-09-19 21:51:53,mfsweep_shard0,SPT_SMPT,48,7404.22,0,Mill,114,1712.28,6650.78,0.2575,4938.50,0.7425,0.8982,8,819.6
2026-09-19 21:51:53,mfsweep_shard0,SPT_SMPT,48,7404.22,1,Lathe,0,0.00,6862.22,0.0000,6862.22,1.0000,0.9268,9,541.9
2026-09-19 21:51:53,mfsweep_shard0,SPT_SMPT,48,7404.22,2,Weld,92,5058.92,6797.58,0.7442,1738.66,0.2558,0.9181,10,606.5
2026-09-19 21:51:53,mfsweep_shard0,SPT_SMPT,48,7404.22,3,Inspect,0,0.00,6617.06,0.0000,6617.06,1.0000,0.8937,11,787.0
2026-09-19 21:51:53,mfsweep_shard0,SPT_SMPT,48,7404.22,4,Assemble,0,0.00,6795.22,0.0000,6795.22,1.0000,0.9177,8,608.9
2026-09-19 21:51:53,mfsweep_shard0,SPT_SMPT,48,7404.22,5,Mill,21,315.42,7047.04,0.0448,6731.62,0.9552,0.9518,7,357.1
2026-09-19 21:51:53,mfsweep_shard0,SPT_SMPT,48,7404.22,6,Lathe,0,0.00,6902.04,0.0000,6902.04,1.0000,0.9322,9,502.1
2026-09-19 21:51:53,mfsweep_shard0,SPT_SMPT,48,7404.22,7,Weld,30,1586.78,6599.54,0.2404,5012.76,0.7596,0.8913,12,804.5
2026-09-19 21:51:53,mfsweep_shard0,SPT_SMPT,48,7404.22,8,Inspect,0,0.00,6984.38,0.0000,6984.38,1.0000,0.9433,7,419.8
2026-09-19 21:51:53,mfsweep_shard0,SPT_SMPT,48,7404.22,9,Assemble,0,0.00,6985.32,0.0000,6985.32,1.0000,0.9434,6,418.8
2026-09-19 21:51:53,mfsweep_shard0,SPT_SMPT,48,7404.22,10,Mill,2,30.04,6495.14,0.0046,6465.10,0.9954,0.8772,13,908.9
2026-09-19 21:51:53,mfsweep_shard0,SPT_SMPT,48,7404.22,11,Lathe,0,0.00,6758.22,0.0000,6758.22,1.0000,0.9128,10,645.9
2026-09-19 21:51:53,mfsweep_shard0,SPT_SMPT,48,7404.22,12,Weld,15,826.58,6555.64,0.1261,5729.06,0.8739,0.8854,12,848.4
2026-09-19 21:51:53,mfsweep_shard0,SPT_SMPT,48,7404.22,13,Inspect,0,0.00,6820.12,0.0000,6820.12,1.0000,0.9211,12,584.0
2026-09-19 21:51:53,mfsweep_shard0,SPT_SMPT,48,7404.22,14,Assemble,0,0.00,7049.04,0.0000,7049.04,1.0000,0.9520,7,355.1
2026-09-19 21:57:30,mfsweep_shard0,SPT_SMPT,49,6951.60,0,Mill,97,1456.94,6192.30,0.2353,4735.36,0.7647,0.8908,11,759.1
2026-09-19 21:57:30,mfsweep_shard0,SPT_SMPT,49,6951.60,1,Lathe,0,0.00,6300.06,0.0000,6300.06,1.0000,0.9063,8,651.4
2026-09-19 21:57:30,mfsweep_shard0,SPT_SMPT,49,6951.60,2,Weld,77,3798.46,6360.66,0.5972,2562.20,0.4028,0.9150,9,590.8
2026-09-19 21:57:30,mfsweep_shard0,SPT_SMPT,49,6951.60,3,Inspect,0,0.00,6394.58,0.0000,6394.58,1.0000,0.9199,11,556.9
2026-09-19 21:57:30,mfsweep_shard0,SPT_SMPT,49,6951.60,4,Assemble,0,0.00,6414.22,0.0000,6414.22,1.0000,0.9227,7,537.3
2026-09-19 21:57:30,mfsweep_shard0,SPT_SMPT,49,6951.60,5,Mill,39,585.78,6430.74,0.0911,5844.96,0.9089,0.9251,6,520.8
2026-09-19 21:57:30,mfsweep_shard0,SPT_SMPT,49,6951.60,6,Lathe,0,0.00,6631.84,0.0000,6631.84,1.0000,0.9540,6,319.7
2026-09-19 21:57:30,mfsweep_shard0,SPT_SMPT,49,6951.60,7,Weld,52,3193.82,6519.18,0.4899,3325.36,0.5101,0.9378,7,432.3
2026-09-19 21:57:30,mfsweep_shard0,SPT_SMPT,49,6951.60,8,Inspect,0,0.00,6634.54,0.0000,6634.54,1.0000,0.9544,6,317.0
2026-09-19 21:57:30,mfsweep_shard0,SPT_SMPT,49,6951.60,9,Assemble,0,0.00,6580.92,0.0000,6580.92,1.0000,0.9467,7,370.6
2026-09-19 21:57:30,mfsweep_shard0,SPT_SMPT,49,6951.60,10,Mill,1,15.02,6498.08,0.0023,6483.06,0.9977,0.9348,8,453.5
2026-09-19 21:57:30,mfsweep_shard0,SPT_SMPT,49,6951.60,11,Lathe,0,0.00,6108.48,0.0000,6108.48,1.0000,0.8787,11,843.0
2026-09-19 21:57:30,mfsweep_shard0,SPT_SMPT,49,6951.60,12,Weld,8,480.00,6126.26,0.0784,5646.26,0.9216,0.8813,8,825.3
2026-09-19 21:57:30,mfsweep_shard0,SPT_SMPT,49,6951.60,13,Inspect,0,0.00,6605.00,0.0000,6605.00,1.0000,0.9501,6,346.5
2026-09-19 21:57:30,mfsweep_shard0,SPT_SMPT,49,6951.60,14,Assemble,0,0.00,6565.02,0.0000,6565.02,1.0000,0.9444,7,386.5
2026-09-19 22:03:34,mfsweep_shard0,SPT_SMPT,50,7387.34,0,Mill,115,1727.30,6814.26,0.2535,5086.96,0.7465,0.9224,10,573.0
2026-09-19 22:03:34,mfsweep_shard0,SPT_SMPT,50,7387.34,1,Lathe,0,0.00,6840.24,0.0000,6840.24,1.0000,0.9259,8,547.0
2026-09-19 22:03:34,mfsweep_shard0,SPT_SMPT,50,7387.34,2,Weld,75,3663.62,6889.98,0.5317,3226.36,0.4683,0.9327,10,497.2
2026-09-19 22:03:34,mfsweep_shard0,SPT_SMPT,50,7387.34,3,Inspect,0,0.00,6807.28,0.0000,6807.28,1.0000,0.9215,11,579.9
2026-09-19 22:03:34,mfsweep_shard0,SPT_SMPT,50,7387.34,4,Assemble,0,0.00,7050.04,0.0000,7050.04,1.0000,0.9543,7,337.2
2026-09-19 22:03:34,mfsweep_shard0,SPT_SMPT,50,7387.34,5,Mill,13,195.26,6696.92,0.0292,6501.66,0.9708,0.9065,9,690.3
2026-09-19 22:03:34,mfsweep_shard0,SPT_SMPT,50,7387.34,6,Lathe,0,0.00,6626.08,0.0000,6626.08,1.0000,0.8970,10,761.1
2026-09-19 22:03:34,mfsweep_shard0,SPT_SMPT,50,7387.34,7,Weld,28,1666.12,6658.76,0.2502,4992.64,0.7498,0.9014,11,728.5
2026-09-19 22:03:34,mfsweep_shard0,SPT_SMPT,50,7387.34,8,Inspect,0,0.00,6797.28,0.0000,6797.28,1.0000,0.9201,9,590.0
2026-09-19 22:03:34,mfsweep_shard0,SPT_SMPT,50,7387.34,9,Assemble,0,0.00,6808.04,0.0000,6808.04,1.0000,0.9216,11,579.2
2026-09-19 22:03:34,mfsweep_shard0,SPT_SMPT,50,7387.34,10,Mill,9,135.18,6753.62,0.0200,6618.44,0.9800,0.9142,10,633.6
2026-09-19 22:03:34,mfsweep_shard0,SPT_SMPT,50,7387.34,11,Lathe,0,0.00,6935.72,0.0000,6935.72,1.0000,0.9389,7,451.6
2026-09-19 22:03:34,mfsweep_shard0,SPT_SMPT,50,7387.34,12,Weld,34,2142.54,6801.28,0.3150,4658.74,0.6850,0.9207,10,586.0
2026-09-19 22:03:34,mfsweep_shard0,SPT_SMPT,50,7387.34,13,Inspect,0,0.00,6966.84,0.0000,6966.84,1.0000,0.9431,8,420.5
2026-09-19 22:03:34,mfsweep_shard0,SPT_SMPT,50,7387.34,14,Assemble,0,0.00,6824.92,0.0000,6824.92,1.0000,0.9239,8,562.3
2026-09-19 22:08:36,mfsweep_shard0,SPT_SMPT,51,6057.12,0,Mill,111,1667.22,5596.28,0.2979,3929.06,0.7021,0.9239,9,460.8
2026-09-19 22:08:36,mfsweep_shard0,SPT_SMPT,51,6057.12,1,Lathe,0,0.00,5525.22,0.0000,5525.22,1.0000,0.9122,8,531.8
2026-09-19 22:08:36,mfsweep_shard0,SPT_SMPT,51,6057.12,2,Weld,76,3723.98,5627.84,0.6617,1903.86,0.3383,0.9291,7,429.2
2026-09-19 22:08:36,mfsweep_shard0,SPT_SMPT,51,6057.12,3,Inspect,0,0.00,5477.14,0.0000,5477.14,1.0000,0.9042,10,579.9
2026-09-19 22:08:36,mfsweep_shard0,SPT_SMPT,51,6057.12,4,Assemble,0,0.00,5478.78,0.0000,5478.78,1.0000,0.9045,8,578.2
2026-09-19 22:08:36,mfsweep_shard0,SPT_SMPT,51,6057.12,5,Mill,17,255.34,5382.74,0.0474,5127.40,0.9526,0.8887,7,674.3
2026-09-19 22:08:36,mfsweep_shard0,SPT_SMPT,51,6057.12,6,Lathe,0,0.00,5578.96,0.0000,5578.96,1.0000,0.9211,6,478.1
2026-09-19 22:08:36,mfsweep_shard0,SPT_SMPT,51,6057.12,7,Weld,49,3017.84,5768.70,0.5231,2750.86,0.4769,0.9524,5,288.4
2026-09-19 22:08:36,mfsweep_shard0,SPT_SMPT,51,6057.12,8,Inspect,0,0.00,5394.50,0.0000,5394.50,1.0000,0.8906,10,662.5
2026-09-19 22:08:36,mfsweep_shard0,SPT_SMPT,51,6057.12,9,Assemble,0,0.00,5547.08,0.0000,5547.08,1.0000,0.9158,7,509.9
2026-09-19 22:08:36,mfsweep_shard0,SPT_SMPT,51,6057.12,10,Mill,9,135.18,5689.34,0.0238,5554.16,0.9762,0.9393,6,367.7
2026-09-19 22:08:36,mfsweep_shard0,SPT_SMPT,51,6057.12,11,Lathe,0,0.00,5148.50,0.0000,5148.50,1.0000,0.8500,11,908.5
2026-09-19 22:08:36,mfsweep_shard0,SPT_SMPT,51,6057.12,12,Weld,12,730.46,5462.22,0.1337,4731.76,0.8663,0.9018,7,594.8
2026-09-19 22:08:36,mfsweep_shard0,SPT_SMPT,51,6057.12,13,Inspect,0,0.00,5581.86,0.0000,5581.86,1.0000,0.9215,7,475.2
2026-09-19 22:08:36,mfsweep_shard0,SPT_SMPT,51,6057.12,14,Assemble,0,0.00,5536.26,0.0000,5536.26,1.0000,0.9140,7,520.8
2026-09-19 22:13:41,mfsweep_shard0,SPT_SMPT,52,6337.92,0,Mill,117,1757.34,5838.06,0.3010,4080.72,0.6990,0.9211,7,499.8
2026-09-19 22:13:41,mfsweep_shard0,SPT_SMPT,52,6337.92,1,Lathe,0,0.00,6126.74,0.0000,6126.74,1.0000,0.9667,6,211.1
2026-09-19 22:13:41,mfsweep_shard0,SPT_SMPT,52,6337.92,2,Weld,77,4112.60,5581.10,0.7369,1468.50,0.2631,0.8806,8,756.7
2026-09-19 22:13:41,mfsweep_shard0,SPT_SMPT,52,6337.92,3,Inspect,0,0.00,5775.90,0.0000,5775.90,1.0000,0.9113,8,561.9
2026-09-19 22:13:41,mfsweep_shard0,SPT_SMPT,52,6337.92,4,Assemble,0,0.00,5807.60,0.0000,5807.60,1.0000,0.9163,8,530.3
2026-09-19 22:13:41,mfsweep_shard0,SPT_SMPT,52,6337.92,5,Mill,17,255.34,6065.18,0.0421,5809.84,0.9579,0.9570,5,272.7
2026-09-19 22:13:41,mfsweep_shard0,SPT_SMPT,52,6337.92,6,Lathe,0,0.00,5568.08,0.0000,5568.08,1.0000,0.8785,11,769.7
2026-09-19 22:13:41,mfsweep_shard0,SPT_SMPT,52,6337.92,7,Weld,48,2735.94,5829.28,0.4693,3093.34,0.5307,0.9197,7,508.6
2026-09-19 22:13:41,mfsweep_shard0,SPT_SMPT,52,6337.92,8,Inspect,0,0.00,5296.98,0.0000,5296.98,1.0000,0.8358,9,1052.7
2026-09-19 22:13:41,mfsweep_shard0,SPT_SMPT,52,6337.92,9,Assemble,0,0.00,5897.24,0.0000,5897.24,1.0000,0.9305,6,440.6
2026-09-19 22:13:41,mfsweep_shard0,SPT_SMPT,52,6337.92,10,Mill,3,45.06,5772.56,0.0078,5727.50,0.9922,0.9108,9,565.3
2026-09-19 22:13:41,mfsweep_shard0,SPT_SMPT,52,6337.92,11,Lathe,0,0.00,5943.98,0.0000,5943.98,1.0000,0.9378,9,393.8
2026-09-19 22:13:41,mfsweep_shard0,SPT_SMPT,52,6337.92,12,Weld,12,623.74,5842.42,0.1068,5218.68,0.8932,0.9218,7,495.4
2026-09-19 22:13:41,mfsweep_shard0,SPT_SMPT,52,6337.92,13,Inspect,0,0.00,5950.10,0.0000,5950.10,1.0000,0.9388,7,387.8
2026-09-19 22:13:41,mfsweep_shard0,SPT_SMPT,52,6337.92,14,Assemble,0,0.00,5959.48,0.0000,5959.48,1.0000,0.9403,9,378.3
2026-09-19 22:19:27,mfsweep_shard0,SPT_SMPT,53,7021.06,0,Mill,104,1562.08,6650.40,0.2349,5088.32,0.7651,0.9472,8,370.6
2026-09-19 22:19:27,mfsweep_shard0,SPT_SMPT,53,7021.06,1,Lathe,0,0.00,6343.54,0.0000,6343.54,1.0000,0.9035,10,677.4
2026-09-19 22:19:27,mfsweep_shard0,SPT_SMPT,53,7021.06,2,Weld,67,3384.14,6405.24,0.5283,3021.10,0.4717,0.9123,10,615.7
2026-09-19 22:19:27,mfsweep_shard0,SPT_SMPT,53,7021.06,3,Inspect,0,0.00,6477.00,0.0000,6477.00,1.0000,0.9225,10,544.0
2026-09-19 22:19:27,mfsweep_shard0,SPT_SMPT,53,7021.06,4,Assemble,0,0.00,6445.36,0.0000,6445.36,1.0000,0.9180,8,575.6
2026-09-19 22:19:27,mfsweep_shard0,SPT_SMPT,53,7021.06,5,Mill,27,405.54,6420.72,0.0632,6015.18,0.9368,0.9145,7,600.3
2026-09-19 22:19:27,mfsweep_shard0,SPT_SMPT,53,7021.06,6,Lathe,0,0.00,6522.90,0.0000,6522.90,1.0000,0.9290,8,498.1
2026-09-19 22:19:27,mfsweep_shard0,SPT_SMPT,53,7021.06,7,Weld,48,2735.68,6297.22,0.4344,3561.54,0.5656,0.8969,10,723.8
2026-09-19 22:19:27,mfsweep_shard0,SPT_SMPT,53,7021.06,8,Inspect,0,0.00,6619.38,0.0000,6619.38,1.0000,0.9428,7,401.6
2026-09-19 22:19:27,mfsweep_shard0,SPT_SMPT,53,7021.06,9,Assemble,0,0.00,6444.92,0.0000,6444.92,1.0000,0.9179,9,576.0
2026-09-19 22:19:27,mfsweep_shard0,SPT_SMPT,53,7021.06,10,Mill,6,90.12,6544.78,0.0138,6454.66,0.9862,0.9322,8,476.2
2026-09-19 22:19:27,mfsweep_shard0,SPT_SMPT,53,7021.06,11,Lathe,0,0.00,6157.76,0.0000,6157.76,1.0000,0.8770,10,863.2
2026-09-19 22:19:27,mfsweep_shard0,SPT_SMPT,53,7021.06,12,Weld,22,1352.46,6467.46,0.2091,5115.00,0.7909,0.9212,13,553.5
2026-09-19 22:19:27,mfsweep_shard0,SPT_SMPT,53,7021.06,13,Inspect,0,0.00,6492.92,0.0000,6492.92,1.0000,0.9248,12,528.0
2026-09-19 22:19:27,mfsweep_shard0,SPT_SMPT,53,7021.06,14,Assemble,0,0.00,6362.02,0.0000,6362.02,1.0000,0.9061,9,658.9
2026-09-19 22:25:08,mfsweep_shard0,SPT_SMPT,54,7050.54,0,Mill,127,1907.54,6473.98,0.2946,4566.44,0.7054,0.9182,8,576.5
2026-09-19 22:25:08,mfsweep_shard0,SPT_SMPT,54,7050.54,1,Lathe,0,0.00,6592.94,0.0000,6592.94,1.0000,0.9351,8,457.5
2026-09-19 22:25:08,mfsweep_shard0,SPT_SMPT,54,7050.54,2,Weld,68,3483.44,6421.68,0.5424,2938.24,0.4576,0.9108,12,628.7
2026-09-19 22:25:08,mfsweep_shard0,SPT_SMPT,54,7050.54,3,Inspect,0,0.00,6485.82,0.0000,6485.82,1.0000,0.9199,10,564.6
2026-09-19 22:25:08,mfsweep_shard0,SPT_SMPT,54,7050.54,4,Assemble,0,0.00,6552.20,0.0000,6552.20,1.0000,0.9293,9,498.3
2026-09-19 22:25:08,mfsweep_shard0,SPT_SMPT,54,7050.54,5,Mill,7,105.14,6191.42,0.0170,6086.28,0.9830,0.8781,13,859.0
2026-09-19 22:25:08,mfsweep_shard0,SPT_SMPT,54,7050.54,6,Lathe,0,0.00,6573.18,0.0000,6573.18,1.0000,0.9323,8,477.3
2026-09-19 22:25:08,mfsweep_shard0,SPT_SMPT,54,7050.54,7,Weld,40,2189.76,6590.46,0.3323,4400.70,0.6677,0.9347,7,460.0
2026-09-19 22:25:08,mfsweep_shard0,SPT_SMPT,54,7050.54,8,Inspect,0,0.00,6400.34,0.0000,6400.34,1.0000,0.9078,12,650.1
2026-09-19 22:25:08,mfsweep_shard0,SPT_SMPT,54,7050.54,9,Assemble,0,0.00,6608.76,0.0000,6608.76,1.0000,0.9373,7,441.7
2026-09-19 22:25:08,mfsweep_shard0,SPT_SMPT,54,7050.54,10,Mill,3,45.06,6620.00,0.0068,6574.94,0.9932,0.9389,8,430.5
2026-09-19 22:25:08,mfsweep_shard0,SPT_SMPT,54,7050.54,11,Lathe,0,0.00,6504.06,0.0000,6504.06,1.0000,0.9225,10,546.4
2026-09-19 22:25:08,mfsweep_shard0,SPT_SMPT,54,7050.54,12,Weld,29,1799.08,6411.78,0.2806,4612.70,0.7194,0.9094,7,638.7
2026-09-19 22:25:08,mfsweep_shard0,SPT_SMPT,54,7050.54,13,Inspect,0,0.00,6390.38,0.0000,6390.38,1.0000,0.9064,10,660.1
2026-09-19 22:25:08,mfsweep_shard0,SPT_SMPT,54,7050.54,14,Assemble,0,0.00,6566.40,0.0000,6566.40,1.0000,0.9313,9,484.1
2026-09-19 22:30:42,mfsweep_shard0,SPT_SMPT,55,6997.82,0,Mill,115,1727.30,6520.80,0.2649,4793.50,0.7351,0.9318,7,476.9
2026-09-19 22:30:42,mfsweep_shard0,SPT_SMPT,55,6997.82,1,Lathe,0,0.00,6453.22,0.0000,6453.22,1.0000,0.9222,6,544.5
2026-09-19 22:30:42,mfsweep_shard0,SPT_SMPT,55,6997.82,2,Weld,67,3279.34,6557.18,0.5001,3277.84,0.4999,0.9370,8,440.6
2026-09-19 22:30:42,mfsweep_shard0,SPT_SMPT,55,6997.82,3,Inspect,0,0.00,6362.58,0.0000,6362.58,1.0000,0.9092,8,723.1
2026-09-19 22:30:42,mfsweep_shard0,SPT_SMPT,55,6997.82,4,Assemble,0,0.00,6582.30,0.0000,6582.30,1.0000,0.9406,8,415.4
2026-09-19 22:30:42,mfsweep_shard0,SPT_SMPT,55,6997.82,5,Mill,18,270.36,6474.94,0.0418,6204.58,0.9582,0.9253,8,567.2
2026-09-19 22:30:42,mfsweep_shard0,SPT_SMPT,55,6997.82,6,Lathe,0,0.00,6467.90,0.0000,6467.90,1.0000,0.9243,10,529.8
2026-09-19 22:30:42,mfsweep_shard0,SPT_SMPT,55,6997.82,7,Weld,62,3740.98,6681.56,0.5599,2940.58,0.4401,0.9548,7,316.2
2026-09-19 22:30:42,mfsweep_shard0,SPT_SMPT,55,6997.82,8,Inspect,0,0.00,6437.26,0.0000,6437.26,1.0000,0.9199,10,560.4
2026-09-19 22:30:42,mfsweep_shard0,SPT_SMPT,55,6997.82,9,Assemble,0,0.00,6678.06,0.0000,6678.06,1.0000,0.9543,7,319.7
2026-09-19 22:30:42,mfsweep_shard0,SPT_SMPT,55,6997.82,10,Mill,4,60.08,6585.02,0.0091,6524.94,0.9909,0.9410,7,412.7
2026-09-19 22:30:42,mfsweep_shard0,SPT_SMPT,55,6997.82,11,Lathe,0,0.00,6466.62,0.0000,6466.62,1.0000,0.9241,10,531.1
2026-09-19 22:30:42,mfsweep_shard0,SPT_SMPT,55,6997.82,12,Weld,8,451.96,6466.54,0.0699,6014.58,0.9301,0.9241,8,531.2
2026-09-19 22:30:42,mfsweep_shard0,SPT_SMPT,55,6997.82,13,Inspect,0,0.00,6653.48,0.0000,6653.48,1.0000,0.9508,5,344.3
2026-09-19 22:30:42,mfsweep_shard0,SPT_SMPT,55,6997.82,14,Assemble,0,0.00,6472.64,0.0000,6472.64,1.0000,0.9250,9,525.1
2026-09-19 22:36:55,mfsweep_shard0,SPT_SMPT,56,7724.50,0,Mill,108,1622.16,7273.26,0.2230,5651.10,0.7770,0.9416,9,451.2
2026-09-19 22:36:55,mfsweep_shard0,SPT_SMPT,56,7724.50,1,Lathe,0,0.00,6853.24,0.0000,6853.24,1.0000,0.8872,11,871.2
2026-09-19 22:36:55,mfsweep_shard0,SPT_SMPT,56,7724.50,2,Weld,93,4744.98,7299.86,0.6500,2554.88,0.3500,0.9450,8,424.6
2026-09-19 22:36:55,mfsweep_shard0,SPT_SMPT,56,7724.50,3,Inspect,0,0.00,7045.98,0.0000,7045.98,1.0000,0.9122,11,678.4
2026-09-19 22:36:55,mfsweep_shard0,SPT_SMPT,56,7724.50,4,Assemble,0,0.00,7028.76,0.0000,7028.76,1.0000,0.9099,8,695.6
2026-09-19 22:36:55,mfsweep_shard0,SPT_SMPT,56,7724.50,5,Mill,24,360.48,7336.26,0.0491,6975.78,0.9509,0.9497,7,388.2
2026-09-19 22:36:55,mfsweep_shard0,SPT_SMPT,56,7724.50,6,Lathe,0,0.00,7307.26,0.0000,7307.26,1.0000,0.9460,7,417.2
2026-09-19 22:36:55,mfsweep_shard0,SPT_SMPT,56,7724.50,7,Weld,41,2526.94,7169.70,0.3524,4642.76,0.6476,0.9282,9,554.7
2026-09-19 22:36:55,mfsweep_shard0,SPT_SMPT,56,7724.50,8,Inspect,0,0.00,7122.52,0.0000,7122.52,1.0000,0.9221,8,601.9
2026-09-19 22:36:55,mfsweep_shard0,SPT_SMPT,56,7724.50,9,Assemble,0,0.00,7415.72,0.0000,7415.72,1.0000,0.9600,6,308.7
2026-09-19 22:36:55,mfsweep_shard0,SPT_SMPT,56,7724.50,10,Mill,5,75.10,7099.80,0.0106,7024.70,0.9894,0.9191,9,693.1
2026-09-19 22:36:55,mfsweep_shard0,SPT_SMPT,56,7724.50,11,Lathe,0,0.00,7242.70,0.0000,7242.70,1.0000,0.9376,11,481.7
2026-09-19 22:36:55,mfsweep_shard0,SPT_SMPT,56,7724.50,12,Weld,3,200.36,7286.08,0.0275,7085.72,0.9725,0.9432,8,438.3
2026-09-19 22:36:55,mfsweep_shard0,SPT_SMPT,56,7724.50,13,Inspect,0,0.00,7334.56,0.0000,7334.56,1.0000,0.9495,9,389.8
2026-09-19 22:36:55,mfsweep_shard0,SPT_SMPT,56,7724.50,14,Assemble,0,0.00,7206.24,0.0000,7206.24,1.0000,0.9329,11,561.3
2026-09-19 22:42:18,mfsweep_shard0,SPT_SMPT,57,6834.82,0,Mill,117,1757.34,6238.16,0.2817,4480.82,0.7183,0.9127,9,596.5
2026-09-19 22:42:18,mfsweep_shard0,SPT_SMPT,57,6834.82,1,Lathe,0,0.00,6157.94,0.0000,6157.94,1.0000,0.9010,10,676.8
2026-09-19 22:42:18,mfsweep_shard0,SPT_SMPT,57,6834.82,2,Weld,55,2708.82,6287.14,0.4309,3578.32,0.5691,0.9199,10,547.6
2026-09-19 22:42:18,mfsweep_shard0,SPT_SMPT,57,6834.82,3,Inspect,0,0.00,6667.32,0.0000,6667.32,1.0000,0.9755,4,167.5
2026-09-19 22:42:18,mfsweep_shard0,SPT_SMPT,57,6834.82,4,Assemble,0,0.00,6305.34,0.0000,6305.34,1.0000,0.9225,9,581.4
2026-09-19 22:42:18,mfsweep_shard0,SPT_SMPT,57,6834.82,5,Mill,20,300.40,6104.52,0.0492,5804.12,0.9508,0.8932,11,730.2
2026-09-19 22:42:18,mfsweep_shard0,SPT_SMPT,57,6834.82,6,Lathe,0,0.00,6443.04,0.0000,6443.04,1.0000,0.9427,9,391.7
2026-09-19 22:42:18,mfsweep_shard0,SPT_SMPT,57,6834.82,7,Weld,74,4359.00,6503.98,0.6702,2144.98,0.3298,0.9516,6,330.8
2026-09-19 22:42:18,mfsweep_shard0,SPT_SMPT,57,6834.82,8,Inspect,0,0.00,6154.00,0.0000,6154.00,1.0000,0.9004,10,680.7
2026-09-19 22:42:18,mfsweep_shard0,SPT_SMPT,57,6834.82,9,Assemble,0,0.00,6434.68,0.0000,6434.68,1.0000,0.9415,8,400.1
2026-09-19 22:42:18,mfsweep_shard0,SPT_SMPT,57,6834.82,10,Mill,0,0.00,6146.82,0.0000,6146.82,1.0000,0.8993,10,687.9
2026-09-19 22:42:18,mfsweep_shard0,SPT_SMPT,57,6834.82,11,Lathe,0,0.00,6164.90,0.0000,6164.90,1.0000,0.9020,11,669.8
2026-09-19 22:42:18,mfsweep_shard0,SPT_SMPT,57,6834.82,12,Weld,8,404.46,6221.34,0.0650,5816.88,0.9350,0.9102,10,613.4
2026-09-19 22:42:18,mfsweep_shard0,SPT_SMPT,57,6834.82,13,Inspect,0,0.00,6360.46,0.0000,6360.46,1.0000,0.9306,7,474.3
2026-09-19 22:42:18,mfsweep_shard0,SPT_SMPT,57,6834.82,14,Assemble,0,0.00,6481.22,0.0000,6481.22,1.0000,0.9483,7,353.5
2026-09-19 22:48:30,mfsweep_shard0,SPT_SMPT,58,7926.98,0,Mill,121,1817.42,7650.80,0.2375,5833.38,0.7625,0.9652,7,315.9
2026-09-19 22:48:30,mfsweep_shard0,SPT_SMPT,58,7926.98,1,Lathe,0,0.00,7553.04,0.0000,7553.04,1.0000,0.9528,8,441.4
2026-09-19 22:48:30,mfsweep_shard0,SPT_SMPT,58,7926.98,2,Weld,92,4650.60,7493.84,0.6206,2843.24,0.3794,0.9454,8,433.1
2026-09-19 22:48:30,mfsweep_shard0,SPT_SMPT,58,7926.98,3,Inspect,0,0.00,7284.10,0.0000,7284.10,1.0000,0.9189,8,642.8
2026-09-19 22:48:30,mfsweep_shard0,SPT_SMPT,58,7926.98,4,Assemble,0,0.00,7468.72,0.0000,7468.72,1.0000,0.9422,7,458.2
2026-09-19 22:48:30,mfsweep_shard0,SPT_SMPT,58,7926.98,5,Mill,16,240.32,7247.50,0.0332,7007.18,0.9668,0.9143,9,679.4
2026-09-19 22:48:30,mfsweep_shard0,SPT_SMPT,58,7926.98,6,Lathe,0,0.00,7537.52,0.0000,7537.52,1.0000,0.9509,7,395.4
2026-09-19 22:48:30,mfsweep_shard0,SPT_SMPT,58,7926.98,7,Weld,31,1864.46,7518.78,0.2480,5654.32,0.7520,0.9485,7,408.1
2026-09-19 22:48:30,mfsweep_shard0,SPT_SMPT,58,7926.98,8,Inspect,0,0.00,6943.14,0.0000,6943.14,1.0000,0.8759,13,983.7
2026-09-19 22:48:30,mfsweep_shard0,SPT_SMPT,58,7926.98,9,Assemble,0,0.00,7394.50,0.0000,7394.50,1.0000,0.9328,8,532.4
2026-09-19 22:48:30,mfsweep_shard0,SPT_SMPT,58,7926.98,10,Mill,0,0.00,7181.58,0.0000,7181.58,1.0000,0.9060,11,745.3
2026-09-19 22:48:30,mfsweep_shard0,SPT_SMPT,58,7926.98,11,Lathe,0,0.00,7307.24,0.0000,7307.24,1.0000,0.9218,10,619.6
2026-09-19 22:48:30,mfsweep_shard0,SPT_SMPT,58,7926.98,12,Weld,14,957.22,7419.76,0.1290,6462.54,0.8710,0.9360,7,507.2
2026-09-19 22:48:30,mfsweep_shard0,SPT_SMPT,58,7926.98,13,Inspect,0,0.00,7470.56,0.0000,7470.56,1.0000,0.9424,9,456.3
2026-09-19 22:48:30,mfsweep_shard0,SPT_SMPT,58,7926.98,14,Assemble,0,0.00,7194.86,0.0000,7194.86,1.0000,0.9076,13,748.6
2026-09-19 22:53:04,mfsweep_shard0,SPT_SMPT,59,5846.58,0,Mill,108,1622.16,5162.62,0.3142,3540.46,0.6858,0.8830,7,683.9
2026-09-19 22:53:04,mfsweep_shard0,SPT_SMPT,59,5846.58,1,Lathe,0,0.00,5678.54,0.0000,5678.54,1.0000,0.9713,4,168.0
2026-09-19 22:53:04,mfsweep_shard0,SPT_SMPT,59,5846.58,2,Weld,90,4636.26,5613.60,0.8259,977.34,0.1741,0.9602,5,232.9
2026-09-19 22:53:04,mfsweep_shard0,SPT_SMPT,59,5846.58,3,Inspect,0,0.00,5240.22,0.0000,5240.22,1.0000,0.8963,9,606.3
2026-09-19 22:53:04,mfsweep_shard0,SPT_SMPT,59,5846.58,4,Assemble,0,0.00,5591.02,0.0000,5591.02,1.0000,0.9563,6,255.5
2026-09-19 22:53:04,mfsweep_shard0,SPT_SMPT,59,5846.58,5,Mill,26,390.52,5331.34,0.0732,4940.82,0.9268,0.9119,7,554.0
2026-09-19 22:53:04,mfsweep_shard0,SPT_SMPT,59,5846.58,6,Lathe,0,0.00,5448.94,0.0000,5448.94,1.0000,0.9320,8,397.5
2026-09-19 22:53:04,mfsweep_shard0,SPT_SMPT,59,5846.58,7,Weld,43,2628.34,5565.42,0.4723,2937.08,0.5277,0.9519,5,281.1
2026-09-19 22:53:04,mfsweep_shard0,SPT_SMPT,59,5846.58,8,Inspect,0,0.00,5310.94,0.0000,5310.94,1.0000,0.9084,8,535.5
2026-09-19 22:53:04,mfsweep_shard0,SPT_SMPT,59,5846.58,9,Assemble,0,0.00,5395.48,0.0000,5395.48,1.0000,0.9228,7,451.0
2026-09-19 22:53:04,mfsweep_shard0,SPT_SMPT,59,5846.58,10,Mill,3,45.06,5476.80,0.0082,5431.74,0.9918,0.9368,7,369.7
2026-09-19 22:53:04,mfsweep_shard0,SPT_SMPT,59,5846.58,11,Lathe,0,0.00,5260.40,0.0000,5260.40,1.0000,0.8997,10,586.0
2026-09-19 22:53:04,mfsweep_shard0,SPT_SMPT,59,5846.58,12,Weld,4,207.68,5419.98,0.0383,5212.30,0.9617,0.9270,7,478.6
2026-09-19 22:53:04,mfsweep_shard0,SPT_SMPT,59,5846.58,13,Inspect,0,0.00,5224.14,0.0000,5224.14,1.0000,0.8935,9,622.3
2026-09-19 22:53:04,mfsweep_shard0,SPT_SMPT,59,5846.58,14,Assemble,0,0.00,5620.18,0.0000,5620.18,1.0000,0.9613,3,226.4
2026-09-19 22:58:20,mfsweep_shard0,SPT_SMPT,60,6627.06,0,Mill,110,1652.20,6171.42,0.2677,4519.22,0.7323,0.9312,7,455.6
2026-09-19 22:58:20,mfsweep_shard0,SPT_SMPT,60,6627.06,1,Lathe,0,0.00,6195.96,0.0000,6195.96,1.0000,0.9349,6,431.0
2026-09-19 22:58:20,mfsweep_shard0,SPT_SMPT,60,6627.06,2,Weld,70,3487.36,6029.72,0.5784,2542.36,0.4216,0.9099,7,597.3
2026-09-19 22:58:20,mfsweep_shard0,SPT_SMPT,60,6627.06,3,Inspect,0,0.00,6311.44,0.0000,6311.44,1.0000,0.9524,7,315.5
2026-09-19 22:58:20,mfsweep_shard0,SPT_SMPT,60,6627.06,4,Assemble,0,0.00,6005.20,0.0000,6005.20,1.0000,0.9062,8,621.8
2026-09-19 22:58:20,mfsweep_shard0,SPT_SMPT,60,6627.06,5,Mill,25,375.50,6157.86,0.0610,5782.36,0.9390,0.9292,7,469.1
2026-09-19 22:58:20,mfsweep_shard0,SPT_SMPT,60,6627.06,6,Lathe,0,0.00,6115.56,0.0000,6115.56,1.0000,0.9228,8,511.4
2026-09-19 22:58:20,mfsweep_shard0,SPT_SMPT,60,6627.06,7,Weld,49,2880.90,6306.08,0.4568,3425.18,0.5432,0.9516,7,320.9
2026-09-19 22:58:20,mfsweep_shard0,SPT_SMPT,60,6627.06,8,Inspect,0,0.00,5981.58,0.0000,5981.58,1.0000,0.9026,11,645.4
2026-09-19 22:58:20,mfsweep_shard0,SPT_SMPT,60,6627.06,9,Assemble,0,0.00,6179.50,0.0000,6179.50,1.0000,0.9325,6,447.5
2026-09-19 22:58:20,mfsweep_shard0,SPT_SMPT,60,6627.06,10,Mill,2,30.04,6256.44,0.0048,6226.40,0.9952,0.9441,6,370.6
2026-09-19 22:58:20,mfsweep_shard0,SPT_SMPT,60,6627.06,11,Lathe,0,0.00,5939.34,0.0000,5939.34,1.0000,0.8962,9,687.6
2026-09-19 22:58:20,mfsweep_shard0,SPT_SMPT,60,6627.06,12,Weld,18,1104.02,6076.22,0.1817,4972.20,0.8183,0.9169,10,550.7
2026-09-19 22:58:20,mfsweep_shard0,SPT_SMPT,60,6627.06,13,Inspect,0,0.00,6366.60,0.0000,6366.60,1.0000,0.9607,5,260.4
2026-09-19 22:58:20,mfsweep_shard0,SPT_SMPT,60,6627.06,14,Assemble,0,0.00,6196.32,0.0000,6196.32,1.0000,0.9350,5,430.7
2026-09-19 23:04:30,mfsweep_shard0,SPT_SMPT,61,7676.34,0,Mill,114,1712.28,7091.06,0.2415,5378.78,0.7585,0.9238,9,585.2
2026-09-19 23:04:30,mfsweep_shard0,SPT_SMPT,61,7676.34,1,Lathe,0,0.00,7074.94,0.0000,7074.94,1.0000,0.9217,10,601.3
2026-09-19 23:04:30,mfsweep_shard0,SPT_SMPT,61,7676.34,2,Weld,81,4115.04,7152.94,0.5753,3037.90,0.4247,0.9318,7,523.3
2026-09-19 23:04:30,mfsweep_shard0,SPT_SMPT,61,7676.34,3,Inspect,0,0.00,7320.76,0.0000,7320.76,1.0000,0.9537,6,355.5
2026-09-19 23:04:30,mfsweep_shard0,SPT_SMPT,61,7676.34,4,Assemble,0,0.00,6883.72,0.0000,6883.72,1.0000,0.8967,9,792.5
2026-09-19 23:04:30,mfsweep_shard0,SPT_SMPT,61,7676.34,5,Mill,22,330.44,7298.30,0.0453,6967.86,0.9547,0.9508,9,377.9
2026-09-19 23:04:30,mfsweep_shard0,SPT_SMPT,61,7676.34,6,Lathe,0,0.00,7291.08,0.0000,7291.08,1.0000,0.9498,6,385.2
2026-09-19 23:04:30,mfsweep_shard0,SPT_SMPT,61,7676.34,7,Weld,54,3232.30,7001.38,0.4617,3769.08,0.5383,0.9121,11,674.9
2026-09-19 23:04:30,mfsweep_shard0,SPT_SMPT,61,7676.34,8,Inspect,0,0.00,7005.14,0.0000,7005.14,1.0000,0.9126,9,671.1
2026-09-19 23:04:30,mfsweep_shard0,SPT_SMPT,61,7676.34,9,Assemble,0,0.00,7128.48,0.0000,7128.48,1.0000,0.9286,8,547.8
2026-09-19 23:04:30,mfsweep_shard0,SPT_SMPT,61,7676.34,10,Mill,1,15.02,6979.56,0.0022,6964.54,0.9978,0.9092,11,696.7
2026-09-19 23:04:30,mfsweep_shard0,SPT_SMPT,61,7676.34,11,Lathe,0,0.00,7234.02,0.0000,7234.02,1.0000,0.9424,7,442.2
2026-09-19 23:04:30,mfsweep_shard0,SPT_SMPT,61,7676.34,12,Weld,2,124.94,7225.30,0.0173,7100.36,0.9827,0.9412,6,451.0
2026-09-19 23:04:30,mfsweep_shard0,SPT_SMPT,61,7676.34,13,Inspect,0,0.00,7086.36,0.0000,7086.36,1.0000,0.9231,10,589.9
2026-09-19 23:04:30,mfsweep_shard0,SPT_SMPT,61,7676.34,14,Assemble,0,0.00,7036.76,0.0000,7036.76,1.0000,0.9167,11,639.5
